2 10 1010101000111001000101011
2 10 11111111111111111111111111111111111111111111111111111111111111111111111111111111111111111111111111111111111111111111111111111111
2 10 01111111111111111111111111111111111111111111111111111111111111111111111111111111111111111111111111111111111111111111111111111111
10 2 09257267324499
10 2 -170141183460469231731687303715884105726
10 2 170141183460469231731687303715884105727
2 16 1111001111001011
2 16 11111111111111111111111111111111111111111111111111111111111111111111111111111111111111111111111111111111111111111111111111111111
10 16 -42535295865117307932921825928971026432
10 16 65117
16 10 FAFBCD112
16 2 FFFFFFFFFFFFFFFFFFFFFFFFFFFFFFFF
16 2 1427BF5B